Asjad,1090,190872,11,290000,9,27-May-2009
Rehman,900,154345,11,0,0,
Hammad,912,190490,11,0,0,
Abdullah,806,125151,11,0,0,
Asjad,1090,190872,11,290000,9,27-May-2009
Rehman,900,154345,11,0,0,
Hammad,912,190490,11,0,0,
Abdullah,806,125151,11,0,0,
Asjad,1090,190872,11,290000,9,27-May-2009
Rehman,900,154345,11,0,0,
Hammad,912,190490,11,0,0,
Abdullah,806,125151,11,0,0,
Asjad,1090,190872,11,290000,9,27-May-2009
Rehman,900,154345,11,0,0,
Hammad,912,190490,11,0,0,
Abdullah,806,125151,11,0,0,
Asjad,1090,190872,11,290000,9,27-May-2009
Rehman,900,154345,11,0,0,
Hammad,912,190490,11,0,0,
Abdullah,806,125151,11,0,0,
Asjad,1090,190872,11,290000,9,27-May-2009
Rehman,900,154345,11,0,0,
Hammad,912,190490,11,0,0,
Abdullah,806,125151,11,0,0,
Asjad,1090,190872,11,290000,9,27-May-2009
Rehman,900,154345,11,0,0,
Hammad,912,190490,11,0,0,
Abdullah,806,125151,11,0,0,
Asjad,1090,190872,11,290000,9,27-May-2009
Rehman,900,154345,11,0,0,
Hammad,912,190490,11,0,0,
Abdullah,806,125151,11,0,0,
Asjad,1090,190872,11,290000,9,27-May-2009
Rehman,900,154345,11,0,0,
Hammad,912,190490,11,0,0,
Abdullah,806,125151,11,0,0,
Asjad,1090,190872,11,290000,9,27-May-2009
Rehman,900,154345,11,0,0,
Hammad,912,190490,11,0,0,
Abdullah,806,125151,11,0,0,
Asjad,1090,190872,11,290000,9,27-May-2009
Rehman,900,154345,11,0,0,
Hammad,912,190490,11,0,0,
Abdullah,806,125151,11,0,0,
Asjad,1090,190872,11,290000,9,27-May-2009
Rehman,900,154345,11,0,0,
Hammad,912,190490,11,0,0,
Abdullah,806,125151,11,0,0,
